0. 99969
1. 0
2. 6
3. 0
4. 1
5. 0
6. 0
7. 0
8. 0
9. 0
10. 0
11. 0
12. 0
13. 0
14. 0
15. 0
16. 0
17. 0
18. 0
19. 0
20. 0
21. 0
22. 0
23. 0
24. 0
25. 0
26. 0
27. 0
28. 0
29. 0
30. 1
31. 0
32. 0
33. 0
34. 0
35. 0
36. 0
37. 0
38. 0
39. 0
40. 0
41. 0
42. 0
43. 5
44. 0
45. 0
46. 0
47. 1
48. 1
49. 0
50. 0
51. 0
52. 0
53. 0
54. 0
55. 0
56. 0
57. 0
58. 0
59. 0
60. 0
61. 0
62. 0
63. 0
64. 0
65. 0
66. 0
67. 0
68. 0
69. 0
70. 0
71. 2
72. 0
73. 0
74. 2
75. 1
76. 0
77. 0
78. 0
79. 0
80. 0
81. 1
82. 0
83. 0
84. 0
85. 0
86. 0
87. 0
88. 0
89. 0
90. 0
91. 0
92. 0
93. 0
94. 0
95. 0
96. 2
97. 0
98. 0
99. 0
100. 0
101. 0
102. 0
103. 0
104. 0
105. 0
106. 0
107. 0
108. 0
109. 0
110. 0
111. 0
112. 1
113. 0
114. 0
115. 0
116. 0
117. 0
118. 0
119. 0
120. 0
121. 0
122. 0
123. 0
124. 2
125. 0
126. 0
127. 0
128. 1
129. 0
130. 0
131. 0
132. 0
133. 0
134. 0
135. 0
136. 0
137. 0
138. 0
139. 0
140. 0
141. 0
142. 0
143. 0
144. 0
145. 0
146. 0
147. 0
148. 0
149. 0
150. 0
151. 0
152. 0
153. 0
154. 0
155. 0
156. 0
157. 0
158. 0
159. 0
160. 0
161. 0
162. 0
163. 0
164. 0
165. 0
166. 0
167. 0
168. 0
169. 0
170. 0
171. 0
172. 0
173. 0
174. 0
175. 0
176. 0
177. 0
178. 0
179. 0
180. 0
181. 0
182. 0
183. 0
184. 0
185. 0
186. 0
187. 0
188. 0
189. 0
190. 0
191. 0
192. 0
193. 0
194. 0
195. 0
196. 0
197. 0
198. 0
199. 0
200. 0
201. 0
202. 0
203. 0
204. 0
205. 0
206. 0
207. 0
208. 0
209. 0
210. 0
211. 0
212. 2
213. 0
214. 0
215. 0
216. 0
217. 0
218. 0
219. 0
220. 0
221. 0
222. 0
223. 0
224. 0
225. 0
226. 0
227. 0
228. 0
229. 0
230. 0
231. 0
232. 0
233. 0
234. 0
235. 0
236. 0
237. 0
238. 0
239. 0
240. 2
241. 0
242. 0
243. 0
244. 0
245. 0
246. 0
247. 0
248. 0
249. 0
250. 0
251. 0
252. 0
253. 0
254. 0
255. 0
0. 88969
1. 1529
2. 21
3. 20
4. 13
5. 11
6. 27
7. 272
8. 25
9. 11
10. 53
11. 10
12. 15
13. 18
14. 20
15. 10
16. 34
17. 7
18. 8
19. 11
20. 6
21. 13
22. 12
23. 13
24. 11
25. 15
26. 5
27. 2
28. 11
29. 9
30. 13
31. 9
32. 357
33. 5
34. 22
35. 16
36. 9
37. 9
38. 10
39. 7
40. 78
41. 50
42. 15
43. 15
44. 38
45. 32
46. 53
47. 25
48. 283
49. 30
50. 21
51. 12
52. 8
53. 10
54. 0
55. 6
56. 5
57. 6
58. 10
59. 5
60. 4
61. 6
62. 25
63. 11
64. 111
65. 12
66. 7
67. 5
68. 7
69. 21
70. 21
71. 7
72. 13
73. 13
74. 7
75. 16
76. 10
77. 13
78. 31
79. 18
80. 81
81. 42
82. 17
83. 43
84. 47
85. 74
86. 27
87. 30
88. 21
89. 14
90. 22
91. 38
92. 16
93. 10
94. 11
95. 12
96. 34
97. 87
98. 15
99. 42
100. 44
101. 143
102. 40
103. 17
104. 51
105. 78
106. 7
107. 22
108. 45
109. 43
110. 91
111. 80
112. 320
113. 19
114. 184
115. 68
116. 109
117. 47
118. 31
119. 25
120. 21
121. 37
122. 67
123. 107
124. 115
125. 48
126. 10
127. 44
128. 102
129. 6
130. 7
131. 18
132. 9
133. 9
134. 9
135. 7
136. 6
137. 12
138. 11
139. 13
140. 9
141. 10
142. 11
143. 5
144. 9
145. 4
146. 5
147. 3
148. 5
149. 2
150. 4
151. 8
152. 6
153. 8
154. 8
155. 3
156. 12
157. 7
158. 4
159. 1
160. 31
161. 9
162. 11
163. 10
164. 7
165. 8
166. 9
167. 14
168. 1515
169. 15
170. 42
171. 16
172. 47
173. 11
174. 1
175. 10
176. 271
177. 3
178. 1
179. 4
180. 2
181. 14
182. 3
183. 3
184. 8
185. 4
186. 3
187. 7
188. 4
189. 4
190. 6
191. 0
192. 98
193. 2
194. 8
195. 8
196. 4
197. 8
198. 3
199. 6
200. 3
201. 40
202. 29
203. 15
204. 6
205. 5
206. 4
207. 7
208. 19
209. 7
210. 4
211. 4
212. 8
213. 1
214. 1
215. 5
216. 3
217. 2
218. 9
219. 4
220. 2
221. 6
222. 2
223. 4
224. 16
225. 4
226. 434
227. 8
228. 140
229. 186
230. 760
231. 3
232. 2
233. 4
234. 1
235. 5
236. 4
237. 1
238. 3
239. 3
240. 260
241. 3
242. 9
243. 4
244. 4
245. 8
246. 3
247. 7
248. 4
249. 9
250. 3
251. 4
252. 9
253. 39
254. 7
255. 6
0. 89266
1. 1756
2. 9
3. 4
4. 15
5. 21
6. 35
7. 28
8. 26
9. 16
10. 10
11. 11
12. 100
13. 17
14. 19
15. 5
16. 32
17. 18
18. 646
19. 111
20. 307
21. 362
22. 618
23. 58
24. 112
25. 42
26. 34
27. 24
28. 1768
29. 29
30. 39
31. 13
32. 43
33. 18
34. 31
35. 23
36. 22
37. 19
38. 105
39. 35
40. 29
41. 10
42. 10
43. 19
44. 16
45. 4
46. 6
47. 10
48. 415
49. 30
50. 11
51. 20
52. 26
53. 52
54. 15
55. 12
56. 19
57. 29
58. 24
59. 14
60. 24
61. 58
62. 68
63. 96
64. 85
65. 5
66. 11
67. 5
68. 11
69. 31
70. 11
71. 8
72. 13
73. 14
74. 10
75. 28
76. 13
77. 12
78. 29
79. 7
80. 23
81. 3
82. 0
83. 2
84. 5
85. 3
86. 2
87. 3
88. 7
89. 5
90. 0
91. 5
92. 2
93. 4
94. 7
95. 10
96. 36
97. 4
98. 8
99. 11
100. 3
101. 4
102. 10
103. 17
104. 17
105. 7
106. 6
107. 14
108. 6
109. 4
110. 9
111. 5
112. 362
113. 6
114. 3
115. 5
116. 2
117. 4
118. 2
119. 4
120. 11
121. 9
122. 2
123. 6
124. 8
125. 6
126. 8
127. 46
128. 41
129. 10
130. 12
131. 9
132. 6
133. 5
134. 6
135. 12
136. 11
137. 12
138. 16
139. 15
140. 16
141. 15
142. 24
143. 5
144. 20
145. 3
146. 5
147. 4
148. 4
149. 5
150. 5
151. 17
152. 8
153. 5
154. 4
155. 5
156. 13
157. 5
158. 8
159. 35
160. 49
161. 9
162. 9
163. 12
164. 9
165. 12
166. 5
167. 7
168. 7
169. 2
170. 12
171. 6
172. 47
173. 3
174. 2
175. 2
176. 365
177. 6
178. 6
179. 1
180. 4
181. 10
182. 1
183. 2
184. 7
185. 5
186. 2
187. 2
188. 7
189. 1
190. 9
191. 0
192. 55
193. 8
194. 4
195. 5
196. 2
197. 9
198. 8
199. 8
200. 6
201. 53
202. 4
203. 17
204. 9
205. 5
206. 2
207. 8
208. 26
209. 17
210. 9
211. 11
212. 6
213. 3
214. 10
215. 8
216. 6
217. 3
218. 6
219. 6
220. 5
221. 4
222. 4
223. 6
224. 25
225. 4
226. 5
227. 8
228. 5
229. 4
230. 7
231. 24
232. 63
233. 1
234. 11
235. 4
236. 17
237. 9
238. 5
239. 20
240. 348
241. 10
242. 14
243. 8
244. 10
245. 31
246. 44
247. 12
248. 5
249. 9
250. 9
251. 3
252. 10
253. 55
254. 12
255. 10
0. 99952
1. 8
2. 0
3. 0
4. 1
5. 0
6. 0
7. 0
8. 0
9. 0
10. 0
11. 0
12. 0
13. 0
14. 0
15. 0
16. 0
17. 0
18. 0
19. 0
20. 0
21. 0
22. 0
23. 0
24. 0
25. 1
26. 0
27. 0
28. 3
29. 0
30. 0
31. 4
32. 0
33. 0
34. 0
35. 0
36. 0
37. 0
38. 0
39. 0
40. 0
41. 0
42. 0
43. 0
44. 0
45. 0
46. 0
47. 1
48. 0
49. 0
50. 0
51. 1
52. 0
53. 0
54. 0
55. 0
56. 0
57. 0
58. 0
59. 0
60. 0
61. 3
62. 0
63. 0
64. 2
65. 0
66. 0
67. 0
68. 0
69. 0
70. 0
71. 0
72. 1
73. 0
74. 0
75. 0
76. 0
77. 1
78. 0
79. 0
80. 1
81. 0
82. 0
83. 0
84. 0
85. 0
86. 0
87. 0
88. 0
89. 0
90. 0
91. 0
92. 0
93. 0
94. 0
95. 0
96. 2
97. 0
98. 0
99. 0
100. 0
101. 0
102. 0
103. 0
104. 0
105. 0
106. 0
107. 0
108. 0
109. 0
110. 0
111. 0
112. 0
113. 0
114. 0
115. 0
116. 0
117. 0
118. 0
119. 0
120. 0
121. 0
122. 0
123. 0
124. 0
125. 0
126. 0
127. 0
128. 0
129. 0
130. 0
131. 0
132. 0
133. 0
134. 0
135. 0
136. 0
137. 1
138. 0
139. 0
140. 0
141. 0
142. 0
143. 0
144. 1
145. 0
146. 0
147. 0
148. 0
149. 0
150. 0
151. 0
152. 0
153. 0
154. 0
155. 2
156. 0
157. 0
158. 0
159. 1
160. 0
161. 0
162. 0
163. 0
164. 0
165. 0
166. 0
167. 0
168. 0
169. 0
170. 0
171. 0
172. 0
173. 0
174. 0
175. 0
176. 1
177. 1
178. 0
179. 0
180. 0
181. 0
182. 0
183. 0
184. 0
185. 0
186. 0
187. 0
188. 0
189. 0
190. 0
191. 0
192. 0
193. 0
194. 0
195. 0
196. 0
197. 0
198. 0
199. 0
200. 0
201. 0
202. 0
203. 1
204. 0
205. 1
206. 0
207. 0
208. 0
209. 0
210. 0
211. 1
212. 0
213. 0
214. 0
215. 0
216. 0
217. 0
218. 0
219. 7
220. 0
221. 0
222. 0
223. 0
224. 0
225. 0
226. 0
227. 0
228. 0
229. 0
230. 0
231. 0
232. 0
233. 0
234. 0
235. 0
236. 0
237. 0
238. 0
239. 0
240. 2
241. 0
242. 0
243. 0
244. 0
245. 0
246. 0
247. 0
248. 0
249. 0
250. 0
251. 0
252. 0
253. 0
254. 0
255. 0
0. 79047
1. 172
2. 3034
3. 43
4. 50
5. 52
6. 165
7. 78
8. 48
9. 52
10. 45
11. 138
12. 44
13. 40
14. 38
15. 37
16. 111
17. 30
18. 30
19. 89
20. 45
21. 45
22. 65
23. 30
24. 34
25. 20
26. 24
27. 14
28. 12
29. 21
30. 20
31. 14
32. 50
33. 11
34. 30
35. 17
36. 17
37. 14
38. 14
39. 62
40. 144
41. 28
42. 32
43. 25
44. 21
45. 32
46. 53
47. 597
48. 476
49. 385
50. 940
51. 1087
52. 17
53. 21
54. 28
55. 276
56. 23
57. 55
58. 143
59. 26
60. 25
61. 17
62. 15
63. 6
64. 133
65. 18
66. 9
67. 64
68. 13
69. 26
70. 8
71. 5
72. 53
73. 187
74. 299
75. 27
76. 231
77. 10
78. 109
79. 51
80. 90
81. 166
82. 85
83. 4
84. 90
85. 40
86. 7
87. 2
88. 9
89. 6
90. 6
91. 1
92. 3
93. 2
94. 1
95. 4
96. 34
97. 10
98. 7
99. 11
100. 5
101. 17
102. 10
103. 13
104. 22
105. 11
106. 3146
107. 12
108. 18
109. 9
110. 9
111. 18
112. 505
113. 128
114. 8
115. 16
116. 16
117. 9
118. 7
119. 6
120. 15
121. 3
122. 54
123. 11
124. 7
125. 4
126. 6
127. 33
128. 135
129. 9
130. 10
131. 7
132. 10
133. 7
134. 13
135. 57
136. 55
137. 246
138. 10
139. 7
140. 4
141. 4
142. 12
143. 6
144. 28
145. 9
146. 5
147. 6
148. 10
149. 8
150. 1
151. 12
152. 18
153. 11
154. 12
155. 84
156. 22
157. 24
158. 33
159. 17
160. 42
161. 16
162. 9
163. 10
164. 7
165. 5
166. 6
167. 8
168. 18
169. 5
170. 4
171. 8
172. 143
173. 3
174. 7
175. 9
176. 402
177. 5
178. 5
179. 14
180. 9
181. 14
182. 13
183. 6
184. 26
185. 14
186. 8
187. 10
188. 14
189. 9
190. 14
191. 9
192. 103
193. 1
194. 3
195. 2
196. 7
197. 3
198. 2
199. 0
200. 14
201. 32
202. 3
203. 4
204. 4
205. 3
206. 2
207. 3
208. 24
209. 87
210. 16
211. 16
212. 15
213. 18
214. 13
215. 15
216. 142
217. 17
218. 16
219. 12
220. 211
221. 64
222. 14
223. 14
224. 41
225. 13
226. 15
227. 25
228. 20
229. 17
230. 12
231. 14
232. 28
233. 15
234. 11
235. 15
236. 10
237. 17
238. 13
239. 17
240. 441
241. 14
242. 6
243. 12
244. 10
245. 7
246. 7
247. 13
248. 12
249. 6
250. 9
251. 8
252. 7
253. 39
254. 27
255. 2142
0. 89393
1. 44
2. 1852
3. 26
4. 24
5. 15
6. 31
7. 38
8. 34
9. 142
10. 434
11. 24
12. 294
13. 459
14. 527
15. 55
16. 41
17. 15
18. 11
19. 6
20. 5
21. 17
22. 23
23. 82
24. 14
25. 18
26. 16
27. 5
28. 12
29. 4
30. 13
31. 9
32. 15
33. 16
34. 24
35. 14
36. 13
37. 25
38. 30
39. 9
40. 37
41. 114
42. 149
43. 114
44. 47
45. 13
46. 18
47. 19
48. 371
49. 11
50. 2
51. 4
52. 7
53. 7
54. 4
55. 6
56. 3
57. 5
58. 7
59. 3
60. 7
61. 5
62. 4
63. 2
64. 104
65. 5
66. 5
67. 7
68. 6
69. 23
70. 13
71. 11
72. 13
73. 10
74. 6
75. 23
76. 14
77. 8
78. 20
79. 6
80. 10
81. 4
82. 6
83. 7
84. 3
85. 1
86. 6
87. 3
88. 4
89. 5
90. 3
91. 7
92. 3
93. 7
94. 9
95. 5
96. 28
97. 2
98. 0
99. 1
100. 9
101. 1
102. 1
103. 10
104. 8
105. 2
106. 1
107. 3
108. 2
109. 6
110. 1
111. 8
112. 332
113. 5
114. 8
115. 16
116. 14
117. 8
118. 12
119. 9
120. 16
121. 40
122. 30
123. 20
124. 14
125. 1762
126. 8
127. 45
128. 105
129. 5
130. 8
131. 8
132. 6
133. 4
134. 3
135. 3
136. 10
137. 4
138. 7
139. 7
140. 5
141. 13
142. 5
143. 9
144. 20
145. 9
146. 10
147. 6
148. 9
149. 7
150. 9
151. 11
152. 11
153. 11
154. 14
155. 12
156. 11
157. 7
158. 12
159. 8
160. 29
161. 11
162. 10
163. 10
164. 11
165. 9
166. 9
167. 6
168. 7
169. 7
170. 9
171. 13
172. 47
173. 7
174. 6
175. 7
176. 325
177. 0
178. 2
179. 4
180. 2
181. 4
182. 7
183. 264
184. 4
185. 8
186. 7
187. 6
188. 8
189. 10
190. 13
191. 13
192. 114
193. 10
194. 10
195. 9
196. 6
197. 5
198. 9
199. 12
200. 5
201. 43
202. 11
203. 18
204. 9
205. 11
206. 7
207. 9
208. 21
209. 11
210. 8
211. 4
212. 6
213. 5
214. 5
215. 13
216. 28
217. 6
218. 13
219. 24
220. 5
221. 8
222. 10
223. 16
224. 38
225. 27
226. 18
227. 8
228. 7
229. 5
230. 3
231. 4
232. 3
233. 2
234. 6
235. 2
236. 2
237. 10
238. 6
239. 9
240. 294
241. 3
242. 10
243. 3
244. 4
245. 11
246. 11
247. 7
248. 13
249. 8
250. 7
251. 4
252. 7
253. 124
254. 38
255. 24
0. 89253
1. 5
2. 1767
3. 6
4. 2
5. 5
6. 34
7. 14
8. 10
9. 8
10. 20
11. 8
12. 8
13. 16
14. 18
15. 6
16. 31
17. 14
18. 13
19. 7
20. 5
21. 13
22. 21
23. 12
24. 18
25. 19
26. 17
27. 8
28. 8
29. 6
30. 8
31. 13
32. 27
33. 14
34. 1770
35. 34
36. 2
37. 8
38. 7
39. 11
40. 16
41. 11
42. 34
43. 33
44. 47
45. 28
46. 9
47. 12
48. 395
49. 20
50. 13
51. 13
52. 9
53. 22
54. 10
55. 10
56. 15
57. 24
58. 27
59. 14
60. 13
61. 29
62. 11
63. 15
64. 64
65. 3
66. 9
67. 8
68. 7
69. 23
70. 15
71. 11
72. 11
73. 9
74. 83
75. 55
76. 25
77. 53
78. 21
79. 2
80. 26
81. 5
82. 13
83. 50
84. 4
85. 7
86. 14
87. 6
88. 7
89. 4
90. 5
91. 14
92. 11
93. 3
94. 7
95. 5
96. 45
97. 8
98. 10
99. 10
100. 3
101. 12
102. 8
103. 11
104. 21
105. 3
106. 12
107. 23
108. 47
109. 14
110. 19
111. 32
112. 491
113. 23
114. 6
115. 26
116. 134
117. 159
118. 109
119. 43
120. 9
121. 6
122. 5
123. 595
124. 7
125. 163
126. 308
127. 756
128. 56
129. 8
130. 4
131. 7
132. 47
133. 98
134. 29
135. 35
136. 17
137. 17
138. 33
139. 33
140. 10
141. 12
142. 7
143. 1
144. 16
145. 8
146. 3
147. 6
148. 3
149. 8
150. 7
151. 21
152. 9
153. 9
154. 14
155. 4
156. 11
157. 18
158. 17
159. 3
160. 33
161. 20
162. 14
163. 16
164. 19
165. 9
166. 7
167. 9
168. 7
169. 8
170. 8
171. 14
172. 47
173. 3
174. 5
175. 11
176. 370
177. 2
178. 6
179. 6
180. 3
181. 12
182. 6
183. 9
184. 7
185. 5
186. 6
187. 3
188. 14
189. 7
190. 11
191. 7
192. 59
193. 4
194. 5
195. 8
196. 41
197. 31
198. 9
199. 8
200. 3
201. 44
202. 2
203. 5
204. 6
205. 1
206. 1
207. 3
208. 25
209. 3
210. 3
211. 8
212. 9
213. 6
214. 9
215. 14
216. 14
217. 7
218. 7
219. 4
220. 4
221. 4
222. 6
223. 6
224. 19
225. 1
226. 5
227. 10
228. 5
229. 3
230. 2
231. 1
232. 1
233. 3
234. 3
235. 2
236. 1
237. 5
238. 4
239. 1
240. 364
241. 5
242. 6
243. 2
244. 2
245. 8
246. 8
247. 6
248. 2
249. 7
250. 8
251. 4
252. 11
253. 55
254. 11
255. 7
0. 93870
1. 3
2. 1006
3. 1
4. 5
5. 10
6. 15
7. 15
8. 11
9. 5
10. 5
11. 9
12. 7
13. 7
14. 9
15. 5
16. 16
17. 4
18. 5
19. 2
20. 57
21. 19
22. 17
23. 30
24. 31
25. 70
26. 21
27. 17
28. 11
29. 7
30. 23
31. 27
32. 17
33. 17
34. 17
35. 12
36. 5
37. 51
38. 19
39. 12
40. 9
41. 6
42. 7
43. 6
44. 25
45. 78
46. 8
47. 12
48. 236
49. 14
50. 11
51. 5
52. 6
53. 10
54. 4
55. 7
56. 11
57. 13
58. 5
59. 16
60. 13
61. 4
62. 16
63. 41
64. 88
65. 91
66. 33
67. 1009
68. 9
69. 20
70. 10
71. 32
72. 13
73. 4
74. 6
75. 12
76. 9
77. 5
78. 17
79. 1
80. 9
81. 6
82. 5
83. 0
84. 4
85. 3
86. 3
87. 2
88. 5
89. 6
90. 4
91. 3
92. 4
93. 3
94. 2
95. 1
96. 16
97. 5
98. 2
99. 1
100. 4
101. 3
102. 8
103. 3
104. 6
105. 3
106. 2
107. 1
108. 0
109. 3
110. 2
111. 1
112. 214
113. 1
114. 1
115. 4
116. 4
117. 3
118. 3
119. 6
120. 351
121. 6
122. 163
123. 138
124. 364
125. 4
126. 4
127. 29
128. 28
129. 4
130. 7
131. 8
132. 5
133. 2
134. 5
135. 3
136. 4
137. 9
138. 10
139. 4
140. 4
141. 11
142. 2
143. 12
144. 27
145. 20
146. 8
147. 7
148. 2
149. 4
150. 2
151. 8
152. 3
153. 5
154. 6
155. 4
156. 4
157. 1
158. 6
159. 1
160. 15
161. 28
162. 7
163. 5
164. 3
165. 5
166. 4
167. 2
168. 4
169. 2
170. 1
171. 6
172. 3
173. 3
174. 2
175. 1
176. 205
177. 1
178. 2
179. 1
180. 0
181. 2
182. 3
183. 6
184. 2
185. 3
186. 7
187. 3
188. 8
189. 7
190. 9
191. 2
192. 26
193. 3
194. 1
195. 2
196. 1
197. 6
198. 4
199. 1
200. 5
201. 6
202. 2
203. 2
204. 3
205. 3
206. 3
207. 3
208. 14
209. 4
210. 2
211. 6
212. 4
213. 4
214. 3
215. 2
216. 3
217. 1
218. 3
219. 4
220. 6
221. 3
222. 2
223. 3
224. 8
225. 9
226. 7
227. 5
228. 1
229. 4
230. 4
231. 4
232. 1
233. 1
234. 3
235. 0
236. 7
237. 5
238. 12
239. 5
240. 237
241. 13
242. 3
243. 4
244. 2
245. 7
246. 13
247. 22
248. 36
249. 3
250. 9
251. 1
252. 9
253. 7
254. 12
255. 6
0. 99970
1. 0
2. 5
3. 0
4. 1
5. 0
6. 0
7. 0
8. 0
9. 0
10. 0
11. 0
12. 0
13. 0
14. 0
15. 0
16. 1
17. 0
18. 0
19. 0
20. 0
21. 0
22. 0
23. 0
24. 0
25. 0
26. 0
27. 0
28. 0
29. 0
30. 0
31. 0
32. 0
33. 0
34. 0
35. 0
36. 0
37. 0
38. 0
39. 0
40. 0
41. 0
42. 2
43. 0
44. 0
45. 0
46. 0
47. 0
48. 0
49. 0
50. 1
51. 0
52. 0
53. 0
54. 0
55. 0
56. 0
57. 0
58. 0
59. 0
60. 0
61. 0
62. 0
63. 0
64. 0
65. 0
66. 0
67. 0
68. 0
69. 0
70. 0
71. 0
72. 0
73. 0
74. 0
75. 0
76. 0
77. 0
78. 1
79. 0
80. 0
81. 0
82. 0
83. 0
84. 0
85. 0
86. 0
87. 0
88. 0
89. 0
90. 0
91. 1
92. 0
93. 0
94. 0
95. 0
96. 2
97. 0
98. 2
99. 0
100. 0
101. 0
102. 3
103. 0
104. 0
105. 0
106. 0
107. 0
108. 0
109. 0
110. 0
111. 0
112. 0
113. 0
114. 0
115. 0
116. 0
117. 0
118. 0
119. 0
120. 0
121. 0
122. 0
123. 0
124. 0
125. 0
126. 0
127. 0
128. 0
129. 0
130. 0
131. 0
132. 0
133. 0
134. 0
135. 0
136. 5
137. 0
138. 0
139. 0
140. 0
141. 0
142. 0
143. 0
144. 1
145. 0
146. 0
147. 0
148. 0
149. 0
150. 0
151. 0
152. 0
153. 0
154. 0
155. 0
156. 0
157. 0
158. 0
159. 0
160. 0
161. 0
162. 0
163. 0
164. 0
165. 0
166. 0
167. 0
168. 0
169. 0
170. 0
171. 0
172. 0
173. 0
174. 0
175. 0
176. 0
177. 0
178. 0
179. 0
180. 0
181. 0
182. 0
183. 0
184. 0
185. 0
186. 0
187. 0
188. 0
189. 0
190. 0
191. 0
192. 0
193. 0
194. 0
195. 0
196. 0
197. 0
198. 0
199. 0
200. 0
201. 0
202. 0
203. 0
204. 0
205. 0
206. 0
207. 0
208. 0
209. 0
210. 0
211. 0
212. 0
213. 0
214. 0
215. 0
216. 0
217. 0
218. 2
219. 0
220. 0
221. 0
222. 0
223. 0
224. 1
225. 0
226. 0
227. 0
228. 0
229. 0
230. 0
231. 0
232. 0
233. 0
234. 0
235. 0
236. 0
237. 0
238. 0
239. 0
240. 2
241. 0
242. 0
243. 0
244. 0
245. 0
246. 0
247. 0
248. 0
249. 0
250. 0
251. 0
252. 0
253. 0
254. 0
255. 0
0. 73517
1. 3857
2. 55
3. 48
4. 45
5. 215
6. 226
7. 88
8. 69
9. 67
10. 63
11. 191
12. 54
13. 60
14. 47
15. 40
16. 149
17. 19
18. 56
19. 21
20. 39
21. 37
22. 21
23. 44
24. 43
25. 58
26. 63
27. 29
28. 15
29. 15
30. 13
31. 17
32. 224
33. 23
34. 42
35. 36
36. 37
37. 31
38. 33
39. 46
40. 75
41. 112
42. 28
43. 25
44. 47
45. 35
46. 32
47. 29
48. 603
49. 49
50. 31
51. 810
52. 27
53. 635
54. 813
55. 1714
56. 30
57. 8
58. 41
59. 49
60. 17
61. 11
62. 12
63. 11
64. 72
65. 16
66. 71
67. 18
68. 22
69. 62
70. 19
71. 7
72. 34
73. 20
74. 16
75. 33
76. 24
77. 32
78. 145
79. 22
80. 41
81. 9
82. 15
83. 5
84. 17
85. 10
86. 6
87. 150
88. 21
89. 10
90. 2
91. 5
92. 25
93. 78
94. 366
95. 30
96. 282
97. 33
98. 28
99. 106
100. 111
101. 182
102. 105
103. 21
104. 107
105. 60
106. 13
107. 7
108. 40
109. 14
110. 14
111. 135
112. 568
113. 32
114. 88
115. 97
116. 179
117. 117
118. 35
119. 26
120. 34
121. 32
122. 54
123. 16
124. 10
125. 5
126. 8
127. 53
128. 83
129. 9
130. 11
131. 9
132. 4
133. 18
134. 14
135. 5
136. 10
137. 8
138. 16
139. 21
140. 11
141. 12
142. 16
143. 27
144. 45
145. 14
146. 21
147. 14
148. 12
149. 12
150. 113
151. 19
152. 85
153. 200
154. 15
155. 0
156. 18
157. 7
158. 22
159. 5
160. 104
161. 107
162. 13
163. 18
164. 8
165. 6
166. 5
167. 11
168. 22
169. 12
170. 86
171. 232
172. 3796
173. 8
174. 151
175. 5
176. 611
177. 4
178. 18
179. 57
180. 45
181. 22
182. 18
183. 13
184. 26
185. 5
186. 10
187. 8
188. 12
189. 6
190. 13
191. 6
192. 115
193. 6
194. 3
195. 4
196. 2
197. 5
198. 4
199. 2
200. 20
201. 6
202. 5
203. 7
204. 9
205. 10
206. 7
207. 9
208. 89
209. 11
210. 12
211. 15
212. 6
213. 6
214. 11
215. 10
216. 181
217. 8
218. 20
219. 9
220. 5
221. 10
222. 11
223. 9
224. 52
225. 4
226. 6
227. 12
228. 34
229. 59
230. 11
231. 17
232. 25
233. 1
234. 7
235. 2
236. 5
237. 11
238. 9
239. 7
240. 525
241. 7
242. 8
243. 11
244. 5
245. 11
246. 11
247. 25
248. 61
249. 19
250. 12
251. 8
252. 14
253. 22
254. 15
255. 3011
0. 89348
1. 7
2. 1772
3. 5
4. 7
5. 11
6. 33
7. 15
8. 13
9. 17
10. 12
11. 15
12. 15
13. 25
14. 25
15. 6
16. 27
17. 9
18. 11
19. 6
20. 4
21. 9
22. 6
23. 16
24. 8
25. 14
26. 6
27. 5
28. 5
29. 5
30. 15
31. 8
32. 12
33. 28
34. 9
35. 8
36. 4
37. 0
38. 2
39. 12
40. 22
41. 15
42. 9
43. 4
44. 11
45. 12
46. 3
47. 492
48. 442
49. 122
50. 215
51. 863
52. 8
53. 18
54. 4
55. 7
56. 7
57. 12
58. 7
59. 14
60. 9
61. 12
62. 14
63. 8
64. 108
65. 7
66. 12
67. 30
68. 1786
69. 21
70. 17
71. 39
72. 9
73. 12
74. 7
75. 19
76. 11
77. 6
78. 20
79. 6
80. 14
81. 4
82. 1
83. 4
84. 0
85. 1
86. 0
87. 6
88. 9
89. 2
90. 5
91. 0
92. 3
93. 3
94. 3
95. 1
96. 25
97. 1
98. 3
99. 1
100. 4
101. 0
102. 2
103. 10
104. 6
105. 4
106. 0
107. 6
108. 9
109. 4
110. 6
111. 3
112. 334
113. 3
114. 1
115. 7
116. 4
117. 5
118. 3
119. 1
120. 5
121. 4
122. 5
123. 7
124. 5
125. 7
126. 196
127. 98
128. 104
129. 5
130. 5
131. 8
132. 5
133. 5
134. 7
135. 17
136. 5
137. 4
138. 20
139. 9
140. 13
141. 11
142. 22
143. 12
144. 25
145. 3
146. 3
147. 13
148. 1
149. 6
150. 7
151. 12
152. 13
153. 16
154. 13
155. 8
156. 78
157. 7
158. 11
159. 53
160. 54
161. 37
162. 13
163. 22
164. 6
165. 9
166. 13
167. 16
168. 19
169. 28
170. 13
171. 10
172. 8
173. 0
174. 2
175. 5
176. 332
177. 7
178. 7
179. 10
180. 8
181. 11
182. 9
183. 8
184. 11
185. 11
186. 8
187. 9
188. 10
189. 4
190. 10
191. 8
192. 99
193. 4
194. 2
195. 9
196. 17
197. 6
198. 5
199. 91
200. 37
201. 21
202. 35
203. 48
204. 102
205. 26
206. 25
207. 18
208. 33
209. 32
210. 42
211. 18
212. 34
213. 25
214. 26
215. 16
216. 17
217. 25
218. 28
219. 13
220. 13
221. 10
222. 18
223. 10
224. 25
225. 10
226. 13
227. 17
228. 11
229. 7
230. 10
231. 7
232. 8
233. 9
234. 11
235. 13
236. 16
237. 21
238. 16
239. 10
240. 363
241. 107
242. 135
243. 89
244. 29
245. 7
246. 9
247. 6
248. 32
249. 5
250. 2
251. 2
252. 8
253. 15
254. 14
255. 9
0. 99969
1. 7
2. 0
3. 0
4. 3
5. 1
6. 0
7. 0
8. 0
9. 0
10. 0
11. 0
12. 0
13. 0
14. 0
15. 0
16. 0
17. 0
18. 0
19. 0
20. 0
21. 0
22. 0
23. 0
24. 0
25. 0
26. 0
27. 0
28. 0
29. 0
30. 0
31. 0
32. 0
33. 0
34. 0
35. 0
36. 0
37. 0
38. 1
39. 0
40. 0
41. 1
42. 0
43. 0
44. 0
45. 0
46. 0
47. 0
48. 0
49. 1
50. 0
51. 0
52. 0
53. 0
54. 0
55. 0
56. 0
57. 0
58. 0
59. 0
60. 0
61. 0
62. 0
63. 0
64. 0
65. 0
66. 0
67. 0
68. 0
69. 0
70. 0
71. 0
72. 0
73. 0
74. 0
75. 0
76. 0
77. 0
78. 0
79. 1
80. 0
81. 0
82. 0
83. 0
84. 0
85. 0
86. 0
87. 0
88. 0
89. 0
90. 0
91. 0
92. 0
93. 0
94. 0
95. 0
96. 3
97. 0
98. 0
99. 0
100. 0
101. 0
102. 0
103. 0
104. 0
105. 0
106. 0
107. 0
108. 0
109. 0
110. 0
111. 0
112. 0
113. 0
114. 0
115. 0
116. 0
117. 0
118. 5
119. 0
120. 0
121. 0
122. 0
123. 0
124. 0
125. 0
126. 0
127. 0
128. 0
129. 0
130. 0
131. 0
132. 0
133. 0
134. 0
135. 0
136. 0
137. 0
138. 0
139. 0
140. 0
141. 0
142. 0
143. 0
144. 1
145. 0
146. 0
147. 0
148. 0
149. 0
150. 0
151. 0
152. 0
153. 0
154. 0
155. 0
156. 0
157. 0
158. 0
159. 0
160. 0
161. 0
162. 0
163. 2
164. 0
165. 0
166. 0
167. 0
168. 0
169. 0
170. 0
171. 0
172. 0
173. 0
174. 0
175. 0
176. 0
177. 0
178. 0
179. 0
180. 0
181. 0
182. 0
183. 0
184. 0
185. 0
186. 0
187. 0
188. 0
189. 0
190. 0
191. 0
192. 0
193. 0
194. 0
195. 0
196. 0
197. 0
198. 0
199. 0
200. 0
201. 0
202. 0
203. 0
204. 0
205. 0
206. 0
207. 0
208. 0
209. 0
210. 0
211. 0
212. 0
213. 1
214. 0
215. 0
216. 0
217. 0
218. 0
219. 0
220. 0
221. 0
222. 0
223. 0
224. 0
225. 0
226. 0
227. 0
228. 0
229. 0
230. 0
231. 0
232. 0
233. 0
234. 0
235. 0
236. 0
237. 0
238. 0
239. 0
240. 2
241. 0
242. 0
243. 0
244. 0
245. 0
246. 2
247. 0
248. 0
249. 0
250. 0
251. 0
252. 0
253. 0
254. 0
255. 0
0. 56472
1. 1341
2. 3327
3. 292
4. 280
5. 136
6. 266
7. 251
8. 344
9. 221
10. 659
11. 97
12. 140
13. 69
14. 100
15. 54
16. 103
17. 36
18. 174
19. 84
20. 91
21. 99
22. 107
23. 192
24. 70
25. 104
26. 66
27. 24
28. 53
29. 57
30. 25
31. 25
32. 7248
33. 24
34. 34
35. 53
36. 58
37. 23
38. 30
39. 60
40. 141
41. 232
42. 58
43. 39
44. 296
45. 276
46. 317
47. 27
48. 658
49. 86
50. 56
51. 58
52. 49
53. 49
54. 39
55. 25
56. 33
57. 109
58. 67
59. 22
60. 61
61. 111
62. 165
63. 17
64. 108
65. 87
66. 121
67. 70
68. 46
69. 82
70. 91
71. 14
72. 34
73. 53
74. 18
75. 32
76. 20
77. 103
78. 94
79. 30
80. 51
81. 24
82. 33
83. 88
84. 72
85. 25
86. 61
87. 76
88. 35
89. 33
90. 182
91. 100
92. 14
93. 108
94. 9
95. 320
96. 270
97. 1126
98. 103
99. 259
100. 978
101. 1204
102. 299
103. 106
104. 266
105. 528
106. 291
107. 317
108. 444
109. 298
110. 577
111. 455
112. 828
113. 33
114. 1676
115. 865
116. 997
117. 295
118. 117
119. 89
120. 96
121. 289
122. 98
123. 41
124. 606
125. 173
126. 24
127. 95
128. 99
129. 10
130. 22
131. 158
132. 128
133. 11
134. 6
135. 32
136. 80
137. 24
138. 22
139. 13
140. 21
141. 63
142. 17
143. 9
144. 98
145. 30
146. 10
147. 25
148. 14
149. 16
150. 19
151. 29
152. 24
153. 19
154. 19
155. 20
156. 30
157. 36
158. 113
159. 11
160. 129
161. 87
162. 21
163. 19
164. 26
165. 15
166. 7
167. 8
168. 25
169. 26
170. 8
171. 29
172. 15
173. 5
174. 12
175. 4
176. 580
177. 5
178. 14
179. 14
180. 8
181. 27
182. 45
183. 5
184. 17
185. 38
186. 12
187. 19
188. 32
189. 29
190. 35
191. 34
192. 175
193. 13
194. 104
195. 53
196. 11
197. 9
198. 11
199. 17
200. 10
201. 9
202. 13
203. 29
204. 41
205. 22
206. 8
207. 9
208. 36
209. 11
210. 14
211. 27
212. 22
213. 26
214. 33
215. 29
216. 79
217. 16
218. 92
219. 10
220. 7
221. 11
222. 23
223. 14
224. 878
225. 100
226. 466
227. 1048
228. 345
229. 25
230. 72
231. 24
232. 22
233. 50
234. 66
235. 7
236. 23
237. 18
238. 33
239. 15
240. 663
241. 48
242. 38
243. 30
244. 32
245. 95
246. 17
247. 22
248. 104
249. 32
250. 35
251. 17
252. 20
253. 25
254. 30
255. 81
0. 92345
1. 1272
2. 5
3. 1
4. 5
5. 11
6. 17
7. 10
8. 7
9. 9
10. 9
11. 6
12. 9
13. 7
14. 10
15. 13
16. 15
17. 10
18. 9
19. 6
20. 8
21. 11
22. 5
23. 12
24. 10
25. 16
26. 11
27. 5
28. 2
29. 6
30. 7
31. 10
32. 14
33. 7
34. 10
35. 8
36. 6
37. 28
38. 18
39. 5
40. 6
41. 0
42. 2
43. 1
44. 3
45. 2
46. 2
47. 6
48. 214
49. 4
50. 1
51. 3
52. 12
53. 6
54. 10
55. 3
56. 6
57. 3
58. 7
59. 6
60. 0
61. 6
62. 5
63. 2
64. 91
65. 3
66. 2
67. 2
68. 5
69. 15
70. 6
71. 26
72. 4
73. 6
74. 2
75. 12
76. 9
77. 4
78. 18
79. 3
80. 19
81. 2
82. 1
83. 3
84. 6
85. 2
86. 3
87. 5
88. 11
89. 7
90. 4
91. 1
92. 8
93. 4
94. 7
95. 1
96. 25
97. 259
98. 1
99. 2
100. 0
101. 2
102. 3
103. 8
104. 5
105. 11
106. 2
107. 2
108. 6
109. 8
110. 2
111. 4
112. 1496
113. 2
114. 4
115. 7
116. 7
117. 20
118. 6
119. 10
120. 8
121. 7
122. 7
123. 13
124. 5
125. 6
126. 8
127. 28
128. 95
129. 3
130. 18
131. 4
132. 11
133. 12
134. 4
135. 8
136. 7
137. 34
138. 48
139. 25
140. 6
141. 3
142. 8
143. 3
144. 14
145. 5
146. 11
147. 5
148. 4
149. 277
150. 93
151. 94
152. 175
153. 667
154. 8
155. 7
156. 12
157. 6
158. 11
159. 8
160. 16
161. 39
162. 16
163. 10
164. 11
165. 9
166. 10
167. 7
168. 7
169. 5
170. 49
171. 35
172. 18
173. 32
174. 34
175. 68
176. 229
177. 16
178. 12
179. 9
180. 12
181. 24
182. 13
183. 12
184. 14
185. 9
186. 5
187. 10
188. 12
189. 7
190. 4
191. 1
192. 91
193. 10
194. 10
195. 4
196. 6
197. 8
198. 7
199. 6
200. 4
201. 5
202. 6
203. 10
204. 6
205. 8
206. 8
207. 6
208. 9
209. 9
210. 14
211. 37
212. 142
213. 117
214. 28
215. 14
216. 7
217. 5
218. 2
219. 2
220. 3
221. 4
222. 5
223. 5
224. 8
225. 2
226. 5
227. 9
228. 0
229. 5
230. 0
231. 4
232. 1
233. 2
234. 2
235. 1
236. 2
237. 3
238. 14
239. 14
240. 233
241. 1
242. 5
243. 6
244. 2
245. 9
246. 8
247. 3
248. 28
249. 6
250. 4
251. 3
252. 5
253. 9
254. 9
255. 7
0. 89257
1. 16
2. 1765
3. 3
4. 6
5. 4
6. 31
7. 15
8. 11
9. 1
10. 8
11. 10
12. 6
13. 26
14. 619
15. 9
16. 204
17. 301
18. 687
19. 13
20. 9
21. 14
22. 11
23. 20
24. 12
25. 20
26. 41
27. 6
28. 18
29. 25
30. 13
31. 22
32. 47
33. 49
34. 92
35. 1790
36. 21
37. 4
38. 4
39. 8
40. 16
41. 3
42. 10
43. 4
44. 12
45. 6
46. 8
47. 12
48. 396
49. 21
50. 14
51. 5
52. 24
53. 14
54. 15
55. 19
56. 7
57. 14
58. 17
59. 7
60. 5
61. 16
62. 7
63. 90
64. 94
65. 16
66. 93
67. 21
68. 15
69. 30
70. 16
71. 52
72. 10
73. 14
74. 10
75. 22
76. 19
77. 14
78. 23
79. 1
80. 25
81. 13
82. 20
83. 11
84. 7
85. 5
86. 11
87. 17
88. 13
89. 19
90. 11
91. 8
92. 10
93. 14
94. 13
95. 11
96. 33
97. 10
98. 16
99. 52
100. 13
101. 16
102. 5
103. 37
104. 29
105. 7
106. 27
107. 60
108. 204
109. 124
110. 31
111. 22
112. 403
113. 2
114. 5
115. 3
116. 9
117. 5
118. 5
119. 2
120. 2
121. 49
122. 109
123. 38
124. 31
125. 15
126. 14
127. 60
128. 74
129. 4
130. 7
131. 8
132. 4
133. 2
134. 5
135. 2
136. 4
137. 9
138. 6
139. 9
140. 12
141. 10
142. 13
143. 1
144. 16
145. 7
146. 4
147. 2
148. 4
149. 15
150. 11
151. 17
152. 14
153. 17
154. 12
155. 8
156. 8
157. 10
158. 13
159. 5
160. 36
161. 55
162. 5
163. 5
164. 5
165. 9
166. 16
167. 12
168. 7
169. 7
170. 3
171. 18
172. 3
173. 0
174. 5
175. 2
176. 381
177. 8
178. 5
179. 5
180. 9
181. 13
182. 12
183. 3
184. 10
185. 51
186. 33
187. 11
188. 15
189. 9
190. 7
191. 2
192. 35
193. 2
194. 4
195. 12
196. 6
197. 9
198. 6
199. 5
200. 2
201. 4
202. 2
203. 5
204. 5
205. 8
206. 5
207. 3
208. 22
209. 3
210. 3
211. 4
212. 13
213. 3
214. 8
215. 10
216. 9
217. 3
218. 7
219. 6
220. 2
221. 6
222. 3
223. 0
224. 24
225. 8
226. 7
227. 9
228. 4
229. 2
230. 5
231. 4
232. 2
233. 5
234. 3
235. 4
236. 4
237. 4
238. 6
239. 5
240. 355
241. 8
242. 7
243. 1
244. 7
245. 14
246. 8
247. 12
248. 51
249. 12
250. 10
251. 8
252. 11
253. 14
254. 7
255. 13
0. 94297
1. 3
2. 10
3. 1
4. 2
5. 1
6. 1
7. 1
8. 2
9. 2
10. 2
11. 1
12. 1
13. 1
14. 1
15. 1
16. 1
17. 1
18. 1
19. 0
20. 1
21. 0
22. 1
23. 1
24. 10
25. 1
26. 1
27. 1
28. 2
29. 1
30. 0
31. 0
32. 5
33. 0
34. 1
35. 74
36. 2
37. 0
38. 178
39. 0
40. 5
41. 6
42. 5
43. 3
44. 3
45. 106
46. 4
47. 3
48. 404
49. 215
50. 110
51. 83
52. 74
53. 87
54. 59
55. 24
56. 65
57. 148
58. 0
59. 0
60. 1
61. 0
62. 2
63. 22
64. 0
65. 23
66. 15
67. 50
68. 42
69. 93
70. 14
71. 0
72. 0
73. 42
74. 0
75. 4
76. 29
77. 10
78. 47
79. 24
80. 7
81. 0
82. 34
83. 63
84. 42
85. 46
86. 54
87. 7
88. 0
89. 21
90. 0
91. 2
92. 96
93. 0
94. 0
95. 150
96. 2
97. 109
98. 32
99. 169
100. 72
101. 143
102. 33
103. 1
104. 0
105. 50
106. 0
107. 2
108. 16
109. 6
110. 46
111. 51
112. 20
113. 1
114. 34
115. 33
116. 54
117. 35
118. 40
119. 5
120. 6
121. 13
122. 0
123. 25
124. 0
125. 27
126. 0
127. 1
128. 27
129. 0
130. 1
131. 0
132. 0
133. 0
134. 0
135. 3
136. 2
137. 0
138. 5
139. 0
140. 1
141. 0
142. 0
143. 0
144. 5
145. 4
146. 4
147. 4
148. 3
149. 3
150. 1
151. 4
152. 0
153. 0
154. 0
155. 0
156. 0
157. 0
158. 0
159. 0
160. 1
161. 0
162. 0
163. 0
164. 1
165. 0
166. 1
167. 0
168. 0
169. 0
170. 1
171. 0
172. 0
173. 0
174. 1
175. 0
176. 1
177. 0
178. 1
179. 0
180. 1
181. 1
182. 1
183. 0
184. 0
185. 0
186. 0
187. 0
188. 1
189. 0
190. 2
191. 0
192. 0
193. 0
194. 0
195. 1
196. 2
197. 1
198. 0
199. 0
200. 0
201. 1
202. 0
203. 0
204. 0
205. 1
206. 0
207. 0
208. 1
209. 0
210. 0
211. 0
212. 0
213. 0
214. 0
215. 0
216. 0
217. 0
218. 0
219. 0
220. 0
221. 0
222. 0
223. 0
224. 0
225. 0
226. 0
227. 0
228. 0
229. 1
230. 0
231. 0
232. 0
233. 0
234. 0
235. 2
236. 1
237. 0
238. 0
239. 2
240. 2
241. 2
242. 0
243. 1
244. 0
245. 1
246. 0
247. 1
248. 0
249. 1
250. 0
251. 1
252. 0
253. 1
254. 0
255. 1918
0. 89261
1. 1728
2. 28
3. 12
4. 22
5. 17
6. 29
7. 17
8. 19
9. 8
10. 13
11. 12
12. 7
13. 16
14. 15
15. 11
16. 29
17. 19
18. 24
19. 16
20. 7
21. 20
22. 17
23. 20
24. 627
25. 18
26. 238
27. 336
28. 589
29. 7
30. 8
31. 10
32. 29
33. 6
34. 11
35. 18
36. 12
37. 18
38. 17
39. 6
40. 20
41. 30
42. 41
43. 13
44. 12
45. 13
46. 13
47. 12
48. 396
49. 21
50. 12
51. 12
52. 14
53. 9
54. 10
55. 5
56. 12
57. 8
58. 15
59. 19
60. 12
61. 7
62. 13
63. 11
64. 73
65. 7
66. 19
67. 106
68. 63
69. 29
70. 35
71. 39
72. 110
73. 29
74. 11
75. 37
76. 100
77. 110
78. 127
79. 57
80. 18
81. 11
82. 1
83. 0
84. 1
85. 3
86. 1
87. 2
88. 89
89. 32
90. 25
91. 48
92. 43
93. 101
94. 21
95. 29
96. 45
97. 9
98. 21
99. 43
100. 9
101. 1
102. 2
103. 7
104. 14
105. 8
106. 7
107. 6
108. 3
109. 10
110. 10
111. 5
112. 385
113. 7
114. 10
115. 10
116. 4
117. 8
118. 7
119. 6
120. 10
121. 17
122. 6
123. 1745
124. 20
125. 15
126. 11
127. 90
128. 60
129. 13
130. 11
131. 15
132. 10
133. 4
134. 7
135. 15
136. 7
137. 3
138. 10
139. 8
140. 6
141. 10
142. 11
143. 10
144. 16
145. 5
146. 6
147. 1
148. 8
149. 7
150. 3
151. 18
152. 10
153. 11
154. 9
155. 14
156. 2
157. 2
158. 6
159. 4
160. 34
161. 4
162. 11
163. 10
164. 6
165. 14
166. 6
167. 6
168. 5
169. 5
170. 5
171. 11
172. 46
173. 24
174. 9
175. 4
176. 354
177. 3
178. 2
179. 2
180. 6
181. 11
182. 12
183. 4
184. 7
185. 2
186. 4
187. 3
188. 10
189. 8
190. 7
191. 6
192. 127
193. 4
194. 4
195. 2
196. 2
197. 5
198. 3
199. 4
200. 0
201. 2
202. 4
203. 1
204. 2
205. 4
206. 1
207. 7
208. 20
209. 6
210. 8
211. 8
212. 3
213. 11
214. 8
215. 4
216. 7
217. 8
218. 8
219. 5
220. 4
221. 2
222. 3
223. 2
224. 29
225. 8
226. 11
227. 12
228. 5
229. 7
230. 1
231. 8
232. 3
233. 1
234. 10
235. 4
236. 6
237. 1
238. 18
239. 5
240. 357
241. 5
242. 5
243. 5
244. 10
245. 1
246. 11
247. 14
248. 69
249. 9
250. 4
251. 19
252. 8
253. 17
254. 15
255. 105
0. 75415
1. 3277
2. 40
3. 37
4. 40
5. 50
6. 267
7. 66
8. 48
9. 51
10. 47
11. 263
12. 44
13. 49
14. 49
15. 37
16. 133
17. 24
18. 34
19. 33
20. 26
21. 35
22. 30
23. 27
24. 28
25. 7
26. 20
27. 14
28. 22
29. 14
30. 17
31. 341
32. 151
33. 429
34. 999
35. 1144
36. 7
37. 10
38. 4
39. 19
40. 39
41. 119
42. 10
43. 6
44. 52
45. 9
46. 8
47. 4
48. 374
49. 23
50. 6
51. 11
52. 15
53. 8
54. 12
55. 494
56. 16
57. 9
58. 10
59. 6
60. 6
61. 2
62. 4
63. 7
64. 56
65. 22
66. 8
67. 99
68. 13
69. 25
70. 23
71. 12
72. 42
73. 12
74. 13
75. 14
76. 21
77. 15
78. 15
79. 16
80. 70
81. 12
82. 8
83. 15
84. 18
85. 13
86. 12
87. 10
88. 23
89. 13
90. 11
91. 12
92. 50
93. 9
94. 6
95. 13
96. 44
97. 47
98. 16
99. 34
100. 13
101. 45
102. 22
103. 12
104. 38
105. 30
106. 14
107. 13
108. 34
109. 16
110. 20
111. 41
112. 291
113. 16
114. 35
115. 49
116. 41
117. 17
118. 54
119. 35
120. 32
121. 21
122. 18
123. 14
124. 15
125. 11
126. 66
127. 105
128. 81
129. 32
130. 128
131. 13
132. 13
133. 10
134. 20
135. 17
136. 20
137. 12
138. 6
139. 153
140. 10
141. 9
142. 10
143. 9
144. 33
145. 8
146. 504
147. 9
148. 305
149. 17
150. 170
151. 40
152. 150
153. 355
154. 85
155. 9
156. 140
157. 160
158. 72
159. 3
160. 117
161. 83
162. 10
163. 117
164. 9
165. 4
166. 37
167. 24
168. 28
169. 24
170. 30
171. 55
172. 238
173. 19
174. 17
175. 230
176. 431
177. 20
178. 2
179. 3
180. 1
181. 11
182. 1
183. 0
184. 34
185. 3
186. 6
187. 10
188. 10
189. 9
190. 10
191. 5
192. 137
193. 21
194. 7
195. 9
196. 14
197. 7
198. 10
199. 246
200. 28
201. 19
202. 15
203. 17
204. 16
205. 12
206. 3005
207. 11
208. 111
209. 17
210. 12
211. 10
212. 10
213. 10
214. 9
215. 12
216. 249
217. 9
218. 15
219. 12
220. 4
221. 8
222. 7
223. 9
224. 58
225. 8
226. 322
227. 17
228. 22
229. 7
230. 4
231. 7
232. 21
233. 11
234. 20
235. 24
236. 9
237. 8
238. 6
239. 7
240. 349
241. 5
242. 6
243. 10
244. 5
245. 6
246. 8
247. 9
248. 23
249. 7
250. 8
251. 0
252. 6
253. 8
254. 7
255. 4155
0. 74236
1. 3829
2. 68
3. 57
4. 49
5. 46
6. 166
7. 65
8. 49
9. 58
10. 59
11. 145
12. 52
13. 45
14. 60
15. 45
16. 78
17. 31
18. 34
19. 28
20. 17
21. 34
22. 42
23. 39
24. 29
25. 24
26. 85
27. 17
28. 12
29. 12
30. 21
31. 17
32. 145
33. 23
34. 37
35. 53
36. 21
37. 9
38. 24
39. 25
40. 47
41. 49
42. 171
43. 15
44. 20
45. 16
46. 15
47. 13
48. 622
49. 100
50. 20
51. 31
52. 19
53. 22
54. 26
55. 268
56. 20
57. 26
58. 12
59. 16
60. 13
61. 15
62. 11
63. 9
64. 160
65. 12
66. 18
67. 47
68. 21
69. 36
70. 15
71. 17
72. 28
73. 8
74. 12
75. 42
76. 14
77. 15
78. 22
79. 13
80. 53
81. 9
82. 9
83. 16
84. 10
85. 11
86. 12
87. 18
88. 14
89. 11
90. 10
91. 13
92. 13
93. 9
94. 10
95. 18
96. 60
97. 42
98. 12
99. 27
100. 26
101. 39
102. 25
103. 20
104. 29
105. 141
106. 150
107. 10
108. 37
109. 20
110. 14
111. 51
112. 539
113. 22
114. 44
115. 44
116. 44
117. 21
118. 8
119. 16
120. 18
121. 7
122. 9
123. 12
124. 9
125. 17
126. 11
127. 49
128. 199
129. 17
130. 8
131. 17
132. 10
133. 6
134. 5
135. 7
136. 15
137. 13
138. 34
139. 11
140. 12
141. 29
142. 7
143. 9
144. 54
145. 13
146. 22
147. 23
148. 44
149. 2
150. 107
151. 13
152. 56
153. 84
154. 14
155. 14
156. 26
157. 14
158. 11
159. 4
160. 62
161. 13
162. 12
163. 19
164. 16
165. 9
166. 90
167. 12
168. 22
169. 20
170. 107
171. 15
172. 113
173. 10
174. 10
175. 114
176. 608
177. 40
178. 64
179. 122
180. 141
181. 46
182. 44
183. 31
184. 31
185. 54
186. 50
187. 107
188. 36
189. 29
190. 31
191. 23
192. 184
193. 18
194. 37
195. 30
196. 11
197. 21
198. 18
199. 19
200. 40
201. 82
202. 12
203. 15
204. 599
205. 153
206. 193
207. 872
208. 1908
209. 88
210. 16
211. 14
212. 36
213. 102
214. 310
215. 48
216. 381
217. 17
218. 188
219. 73
220. 150
221. 159
222. 122
223. 23
224. 136
225. 51
226. 20
227. 110
228. 42
229. 14
230. 15
231. 16
232. 26
233. 13
234. 11
235. 15
236. 176
237. 49
238. 11
239. 8
240. 520
241. 8
242. 14
243. 3660
244. 11
245. 13
246. 12
247. 10
248. 9
249. 12
250. 9
251. 19
252. 15
253. 17
254. 13
255. 2254
0. 89295
1. 10
2. 1781
3. 3
4. 6
5. 11
6. 27
7. 15
8. 10
9. 12
10. 8
11. 4
12. 11
13. 86
14. 35
15. 14
16. 54
17. 43
18. 89
19. 25
20. 27
21. 21
22. 26
23. 33
24. 36
25. 23
26. 16
27. 8
28. 6
29. 60
30. 524
31. 15
32. 292
33. 533
34. 466
35. 14
36. 8
37. 15
38. 8
39. 13
40. 19
41. 10
42. 9
43. 15
44. 8
45. 16
46. 25
47. 52
48. 339
49. 29
50. 12
51. 26
52. 26
53. 14
54. 24
55. 96
56. 117
57. 117
58. 41
59. 28
60. 9
61. 11
62. 7
63. 6
64. 101
65. 3
66. 5
67. 44
68. 10
69. 23
70. 11
71. 8
72. 14
73. 4
74. 4
75. 20
76. 11
77. 5
78. 14
79. 17
80. 10
81. 4
82. 1
83. 2
84. 1
85. 8
86. 1
87. 7
88. 6
89. 1
90. 5
91. 2
92. 2
93. 8
94. 0
95. 0
96. 34
97. 2
98. 2
99. 5
100. 6
101. 9
102. 7
103. 13
104. 17
105. 12
106. 10
107. 9
108. 6
109. 11
110. 7
111. 5
112. 305
113. 11
114. 12
115. 12
116. 11
117. 10
118. 6
119. 7
120. 16
121. 16
122. 8
123. 15
124. 8
125. 10
126. 7
127. 45
128. 120
129. 12
130. 10
131. 17
132. 9
133. 12
134. 10
135. 19
136. 48
137. 32
138. 16
139. 20
140. 10
141. 11
142. 16
143. 5
144. 14
145. 3
146. 5
147. 4
148. 3
149. 5
150. 9
151. 13
152. 6
153. 7
154. 12
155. 8
156. 5
157. 5
158. 11
159. 3
160. 30
161. 13
162. 12
163. 7
164. 7
165. 6
166. 5
167. 6
168. 6
169. 7
170. 6
171. 10
172. 6
173. 7
174. 6
175. 5
176. 2096
177. 5
178. 10
179. 8
180. 9
181. 10
182. 12
183. 9
184. 11
185. 16
186. 14
187. 8
188. 13
189. 10
190. 8
191. 8
192. 155
193. 7
194. 4
195. 3
196. 2
197. 261
198. 0
199. 4
200. 1
201. 2
202. 1
203. 7
204. 4
205. 15
206. 3
207. 5
208. 27
209. 12
210. 4
211. 6
212. 11
213. 7
214. 8
215. 7
216. 5
217. 16
218. 13
219. 8
220. 3
221. 3
222. 6
223. 2
224. 14
225. 2
226. 3
227. 9
228. 3
229. 5
230. 16
231. 3
232. 13
233. 17
234. 5
235. 7
236. 11
237. 39
238. 52
239. 30
240. 350
241. 2
242. 9
243. 9
244. 3
245. 10
246. 11
247. 4
248. 8
249. 13
250. 14
251. 10
252. 22
253. 21
254. 8
255. 54
0. 84237
1. 2242
2. 12
3. 11
4. 6
5. 11
6. 46
7. 28
8. 7
9. 12
10. 72
11. 23
12. 17
13. 27
14. 13
15. 5
16. 36
17. 13
18. 17
19. 13
20. 9
21. 17
22. 9
23. 22
24. 16
25. 20
26. 21
27. 7
28. 10
29. 8
30. 19
31. 11
32. 329
33. 15
34. 25
35. 23
36. 9
37. 15
38. 9
39. 34
40. 36
41. 10
42. 6
43. 3
44. 26
45. 39
46. 54
47. 8
48. 496
49. 25
50. 11
51. 7
52. 9
53. 15
54. 65
55. 39
56. 14
57. 23
58. 22
59. 15
60. 7
61. 16
62. 18
63. 10
64. 67
65. 16
66. 9
67. 74
68. 10
69. 36
70. 22
71. 12
72. 23
73. 13
74. 18
75. 28
76. 22
77. 13
78. 25
79. 11
80. 33
81. 9
82. 10
83. 19
84. 11
85. 9
86. 13
87. 10
88. 12
89. 6
90. 5
91. 10
92. 12
93. 17
94. 9
95. 25
96. 54
97. 91
98. 19
99. 100
100. 39
101. 218
102. 41
103. 26
104. 50
105. 86
106. 9
107. 11
108. 127
109. 33
110. 58
111. 97
112. 536
113. 11
114. 138
115. 98
116. 129
117. 46
118. 30
119. 16
120. 35
121. 73
122. 9
123. 11
124. 10
125. 11
126. 18
127. 69
128. 90
129. 70
130. 8
131. 11
132. 5
133. 36
134. 7
135. 20
136. 29
137. 11
138. 15
139. 12
140. 12
141. 37
142. 35
143. 17
144. 25
145. 6
146. 7
147. 12
148. 11
149. 6
150. 7
151. 12
152. 13
153. 5
154. 15
155. 11
156. 17
157. 3
158. 14
159. 6
160. 34
161. 9
162. 20
163. 6
164. 9
165. 6
166. 7
167. 13
168. 8
169. 3
170. 7
171. 136
172. 55
173. 25
174. 60
175. 68
176. 614
177. 34
178. 38
179. 25
180. 24
181. 38
182. 39
183. 27
184. 36
185. 19
186. 18
187. 15
188. 54
189. 48
190. 21
191. 97
192. 154
193. 13
194. 13
195. 19
196. 79
197. 17
198. 2
199. 8
200. 6
201. 6
202. 8
203. 6
204. 5
205. 7
206. 6
207. 19
208. 51
209. 42
210. 110
211. 41
212. 17
213. 38
214. 61
215. 206
216. 122
217. 59
218. 14
219. 13
220. 5
221. 5
222. 5
223. 4
224. 30
225. 11
226. 11
227. 13
228. 10
229. 5
230. 1
231. 5
232. 3
233. 648
234. 168
235. 199
236. 312
237. 937
238. 1
239. 2
240. 486
241. 2
242. 2
243. 2237
244. 2
245. 3
246. 14
247. 7
248. 14
249. 18
250. 8
251. 3
252. 16
253. 21
254. 18
255. 76
0. 89303
1. 4
2. 1764
3. 18
4. 10
5. 11
6. 35
7. 24
8. 13
9. 8
10. 8
11. 11
12. 17
13. 26
14. 21
15. 15
16. 49
17. 28
18. 12
19. 24
20. 49
21. 115
22. 155
23. 50
24. 18
25. 15
26. 13
27. 14
28. 7
29. 9
30. 13
31. 8
32. 27
33. 5
34. 13
35. 9
36. 4
37. 3
38. 2
39. 8
40. 9
41. 3
42. 5
43. 10
44. 6
45. 5
46. 2
47. 8
48. 381
49. 12
50. 2
51. 9
52. 10
53. 6
54. 5
55. 8
56. 2
57. 7
58. 10
59. 11
60. 12
61. 8
62. 7
63. 4
64. 44
65. 12
66. 8
67. 42
68. 42
69. 24
70. 16
71. 4
72. 16
73. 22
74. 10
75. 28
76. 18
77. 10
78. 24
79. 15
80. 25
81. 5
82. 12
83. 4
84. 5
85. 1
86. 6
87. 15
88. 3
89. 2
90. 8
91. 5
92. 8
93. 8
94. 10
95. 6
96. 30
97. 5
98. 5
99. 7
100. 44
101. 28
102. 10
103. 6
104. 12
105. 1
106. 1
107. 5
108. 4
109. 496
110. 116
111. 53
112. 659
113. 559
114. 256
115. 9
116. 6
117. 9
118. 11
119. 7
120. 14
121. 7
122. 3
123. 10
124. 8
125. 2
126. 5
127. 44
128. 53
129. 9
130. 4
131. 10
132. 13
133. 5
134. 4
135. 2
136. 6
137. 5
138. 5
139. 4
140. 4
141. 7
142. 9
143. 2
144. 21
145. 9
146. 11
147. 7
148. 5
149. 5
150. 6
151. 15
152. 8
153. 13
154. 17
155. 12
156. 5
157. 8
158. 13
159. 6
160. 25
161. 3
162. 9
163. 12
164. 1
165. 6
166. 6
167. 16
168. 6
169. 11
170. 12
171. 14
172. 4
173. 7
174. 64
175. 7
176. 385
177. 6
178. 5
179. 4
180. 3
181. 10
182. 12
183. 5
184. 10
185. 6
186. 8
187. 2
188. 7
189. 5
190. 11
191. 8
192. 78
193. 7
194. 64
195. 38
196. 8
197. 20
198. 1772
199. 1
200. 10
201. 10
202. 13
203. 18
204. 25
205. 41
206. 3
207. 13
208. 25
209. 3
210. 4
211. 5
212. 13
213. 3
214. 1
215. 10
216. 7
217. 4
218. 15
219. 7
220. 2
221. 6
222. 6
223. 3
224. 33
225. 8
226. 9
227. 117
228. 23
229. 65
230. 4
231. 4
232. 91
233. 45
234. 22
235. 41
236. 40
237. 106
238. 30
239. 24
240. 410
241. 14
242. 35
243. 44
244. 7
245. 16
246. 28
247. 17
248. 13
249. 21
250. 21
251. 21
252. 17
253. 16
254. 9
255. 51
0. 58688
1. 1615
2. 4484
3. 145
4. 222
5. 124
6. 428
7. 140
8. 242
9. 135
10. 227
11. 313
12. 185
13. 116
14. 88
15. 72
16. 382
17. 66
18. 189
19. 52
20. 74
21. 85
22. 69
23. 126
24. 83
25. 47
26. 40
27. 35
28. 4079
29. 32
30. 35
31. 35
32. 1620
33. 115
34. 52
35. 35
36. 37
37. 37
38. 35
39. 56
40. 79
41. 87
42. 65
43. 40
44. 59
45. 57
46. 114
47. 58
48. 683
49. 42
50. 108
51. 26
52. 21
53. 35
54. 39
55. 533
56. 46
57. 25
58. 42
59. 41
60. 23
61. 44
62. 31
63. 19
64. 78
65. 27
66. 164
67. 284
68. 50
69. 64
70. 40
71. 23
72. 50
73. 32
74. 52
75. 99
76. 36
77. 18
78. 39
79. 14
80. 127
81. 23
82. 18
83. 74
84. 28
85. 14
86. 19
87. 15
88. 24
89. 129
90. 128
91. 17
92. 171
93. 20
94. 5
95. 202
96. 74
97. 327
98. 63
99. 175
100. 451
101. 482
102. 119
103. 134
104. 163
105. 244
106. 247
107. 153
108. 216
109. 113
110. 222
111. 305
112. 680
113. 170
114. 728
115. 340
116. 557
117. 151
118. 45
119. 96
120. 65
121. 43
122. 88
123. 37
124. 888
125. 241
126. 164
127. 1147
128. 122
129. 31
130. 20
131. 210
132. 64
133. 9
134. 9
135. 18
136. 28
137. 11
138. 19
139. 13
140. 8
141. 15
142. 23
143. 4
144. 106
145. 10
146. 12
147. 9
148. 6
149. 16
150. 94
151. 17
152. 105
153. 157
154. 11
155. 3
156. 23
157. 73
158. 14
159. 9
160. 116
161. 65
162. 17
163. 20
164. 6
165. 10
166. 14
167. 14
168. 26
169. 37
170. 19
171. 23
172. 256
173. 9
174. 14
175. 24
176. 603
177. 16
178. 25
179. 29
180. 23
181. 19
182. 9
183. 9
184. 38
185. 10
186. 14
187. 10
188. 17
189. 15
190. 12
191. 9
192. 116
193. 24
194. 15
195. 25
196. 13
197. 16
198. 12
199. 10
200. 27
201. 7
202. 7
203. 9
204. 9
205. 11
206. 99
207. 49
208. 93
209. 174
210. 76
211. 123
212. 42
213. 57
214. 39
215. 27
216. 298
217. 68
218. 124
219. 47
220. 34
221. 42
222. 12
223. 8
224. 74
225. 26
226. 26
227. 25
228. 28
229. 21
230. 131
231. 25
232. 36
233. 27
234. 12
235. 12
236. 19
237. 114
238. 17
239. 205
240. 569
241. 13
242. 9
243. 18
244. 24
245. 529
246. 26
247. 25
248. 319
249. 27
250. 173
251. 127
252. 188
253. 185
254. 128
255. 4363
0. 61425
1. 312
2. 4501
3. 40
4. 50
5. 47
6. 318
7. 83
8. 4507
9. 50
10. 41
11. 286
12. 37
13. 49
14. 55
15. 40
16. 296
17. 45
18. 52
19. 41
20. 36
21. 50
22. 44
23. 54
24. 45
25. 39
26. 35
27. 20
28. 28
29. 26
30. 128
31. 23
32. 88
33. 28
34. 44
35. 102
36. 19
37. 23
38. 194
39. 33
40. 59
41. 18
42. 17
43. 21
44. 26
45. 119
46. 19
47. 25
48. 1041
49. 227
50. 137
51. 93
52. 92
53. 103
54. 96
55. 593
56. 93
57. 179
58. 38
59. 49
60. 56
61. 23
62. 14
63. 37
64. 101
65. 41
66. 41
67. 134
68. 67
69. 145
70. 32
71. 20
72. 58
73. 81
74. 36
75. 39
76. 64
77. 32
78. 82
79. 42
80. 63
81. 22
82. 146
83. 74
84. 49
85. 54
86. 77
87. 28
88. 24
89. 71
90. 24
91. 15
92. 102
93. 10
94. 230
95. 154
96. 69
97. 130
98. 64
99. 181
100. 92
101. 228
102. 185
103. 19
104. 39
105. 74
106. 190
107. 38
108. 133
109. 56
110. 87
111. 65
112. 613
113. 76
114. 61
115. 57
116. 74
117. 47
118. 52
119. 102
120. 41
121. 35
122. 37
123. 73
124. 22
125. 53
126. 556
127. 88
128. 428
129. 18
130. 146
131. 72
132. 171
133. 186
134. 237
135. 7
136. 182
137. 189
138. 65
139. 11
140. 262
141. 48
142. 26
143. 49
144. 112
145. 133
146. 39
147. 196
148. 26
149. 17
150. 39
151. 58
152. 40
153. 15
154. 14
155. 7
156. 14
157. 10
158. 19
159. 2
160. 48
161. 5
162. 2
163. 6
164. 5
165. 3
166. 2
167. 13
168. 24
169. 14
170. 10
171. 10
172. 258
173. 22
174. 787
175. 24
176. 1404
177. 777
178. 2066
179. 16
180. 22
181. 28
182. 20
183. 9
184. 38
185. 9
186. 14
187. 10
188. 10
189. 10
190. 24
191. 17
192. 137
193. 11
194. 19
195. 10
196. 9
197. 5
198. 14
199. 10
200. 35
201. 19
202. 329
203. 126
204. 121
205. 22
206. 16
207. 20
208. 162
209. 146
210. 23
211. 18
212. 16
213. 16
214. 6
215. 7
216. 281
217. 6
218. 14
219. 13
220. 7
221. 10
222. 4
223. 10
224. 57
225. 6
226. 7
227. 10
228. 11
229. 8
230. 1
231. 6
232. 27
233. 6
234. 5
235. 4
236. 2
237. 4
238. 3
239. 2
240. 572
241. 12
242. 8
243. 5
244. 9
245. 98
246. 15
247. 8
248. 30
249. 18
250. 12
251. 6
252. 16
253. 21
254. 122
255. 6398
0. 92300
1. 5
2. 1227
3. 2
4. 2
5. 9
6. 22
7. 15
8. 3
9. 12
10. 13
11. 4
12. 8
13. 11
14. 6
15. 4
16. 19
17. 7
18. 10
19. 8
20. 5
21. 9
22. 14
23. 17
24. 17
25. 12
26. 17
27. 12
28. 5
29. 6
30. 10
31. 6
32. 16
33. 4
34. 13
35. 12
36. 9
37. 10
38. 6
39. 5
40. 10
41. 10
42. 3
43. 6
44. 9
45. 14
46. 8
47. 7
48. 292
49. 13
50. 4
51. 1222
52. 4
53. 9
54. 4
55. 19
56. 4
57. 10
58. 4
59. 6
60. 3
61. 6
62. 5
63. 11
64. 50
65. 71
66. 2
67. 73
68. 21
69. 22
70. 9
71. 7
72. 11
73. 20
74. 9
75. 18
76. 22
77. 11
78. 14
79. 17
80. 12
81. 7
82. 3
83. 5
84. 1
85. 0
86. 9
87. 2
88. 2
89. 69
90. 19
91. 21
92. 40
93. 4
94. 3
95. 1
96. 33
97. 13
98. 9
99. 7
100. 4
101. 3
102. 4
103. 6
104. 8
105. 3
106. 4
107. 5
108. 2
109. 31
110. 82
111. 13
112. 306
113. 13
114. 7
115. 19
116. 40
117. 7
118. 26
119. 18
120. 11
121. 7
122. 10
123. 44
124. 32
125. 7
126. 10
127. 77
128. 48
129. 12
130. 17
131. 9
132. 16
133. 10
134. 10
135. 6
136. 14
137. 10
138. 5
139. 3
140. 7
141. 6
142. 10
143. 20
144. 32
145. 95
146. 20
147. 2
148. 10
149. 33
150. 49
151. 108
152. 47
153. 6
154. 6
155. 1
156. 2
157. 6
158. 7
159. 3
160. 21
161. 4
162. 5
163. 8
164. 2
165. 1
166. 4
167. 6
168. 2
169. 6
170. 4
171. 2
172. 3
173. 2
174. 2
175. 2
176. 243
177. 2
178. 1
179. 1
180. 5
181. 8
182. 457
183. 2
184. 136
185. 167
186. 475
187. 7
188. 8
189. 2
190. 7
191. 5
192. 107
193. 3
194. 4
195. 3
196. 8
197. 2
198. 2
199. 1
200. 6
201. 3
202. 2
203. 1
204. 2
205. 4
206. 2
207. 4
208. 22
209. 2
210. 6
211. 10
212. 6
213. 6
214. 8
215. 9
216. 5
217. 7
218. 4
219. 2
220. 2
221. 1
222. 4
223. 2
224. 22
225. 5
226. 5
227. 17
228. 31
229. 13
230. 4
231. 4
232. 3
233. 3
234. 1
235. 2
236. 4
237. 4
238. 0
239. 1
240. 254
241. 1
242. 2
243. 4
244. 1
245. 4
246. 1
247. 4
248. 3
249. 4
250. 4
251. 3
252. 7
253. 10
254. 8
255. 80
0. 81456
1. 2933
2. 14
3. 15
4. 13
5. 12
6. 56
7. 59
8. 15
9. 24
10. 26
11. 31
12. 35
13. 28
14. 24
15. 11
16. 47
17. 15
18. 27
19. 83
20. 13
21. 26
22. 22
23. 20
24. 22
25. 30
26. 21
27. 18
28. 83
29. 12
30. 11
31. 11
32. 66
33. 10
34. 44
35. 39
36. 10
37. 20
38. 31
39. 29
40. 46
41. 49
42. 30
43. 13
44. 21
45. 32
46. 13
47. 21
48. 713
49. 38
50. 25
51. 19
52. 20
53. 23
54. 32
55. 34
56. 32
57. 24
58. 33
59. 36
60. 18
61. 27
62. 15
63. 14
64. 103
65. 19
66. 167
67. 78
68. 115
69. 42
70. 25
71. 147
72. 80
73. 41
74. 87
75. 106
76. 180
77. 55
78. 112
79. 55
80. 100
81. 60
82. 58
83. 29
84. 33
85. 18
86. 19
87. 14
88. 20
89. 17
90. 12
91. 15
92. 31
93. 24
94. 19
95. 12
96. 66
97. 7
98. 12
99. 15
100. 10
101. 37
102. 8
103. 29
104. 38
105. 51
106. 42
107. 98
108. 17
109. 43
110. 52
111. 7
112. 646
113. 179
114. 161
115. 126
116. 47
117. 25
118. 10
119. 12
120. 18
121. 6
122. 13
123. 18
124. 15
125. 8
126. 9
127. 70
128. 69
129. 7
130. 11
131. 14
132. 18
133. 14
134. 11
135. 8
136. 29
137. 26
138. 11
139. 23
140. 16
141. 13
142. 25
143. 21
144. 34
145. 2935
146. 18
147. 14
148. 11
149. 13
150. 12
151. 41
152. 13
153. 15
154. 23
155. 10
156. 20
157. 21
158. 20
159. 7
160. 67
161. 22
162. 16
163. 21
164. 22
165. 26
166. 15
167. 19
168. 9
169. 13
170. 10
171. 28
172. 17
173. 984
174. 9
175. 255
176. 1271
177. 1073
178. 7
179. 11
180. 12
181. 13
182. 15
183. 12
184. 24
185. 17
186. 17
187. 25
188. 20
189. 17
190. 22
191. 27
192. 201
193. 60
194. 27
195. 21
196. 24
197. 16
198. 13
199. 11
200. 18
201. 18
202. 12
203. 17
204. 14
205. 27
206. 14
207. 14
208. 38
209. 25
210. 17
211. 12
212. 19
213. 17
214. 12
215. 14
216. 21
217. 13
218. 12
219. 16
220. 11
221. 11
222. 8
223. 8
224. 46
225. 10
226. 14
227. 14
228. 6
229. 5
230. 9
231. 14
232. 8
233. 10
234. 10
235. 6
236. 11
237. 10
238. 12
239. 12
240. 576
241. 7
242. 8
243. 7
244. 5
245. 8
246. 23
247. 7
248. 2
249. 17
250. 15
251. 7
252. 21
253. 21
254. 25
255. 76
0. 74960
1. 791
2. 1031
3. 278
4. 306
5. 159
6. 170
7. 124
8. 307
9. 91
10. 307
11. 218
12. 197
13. 65
14. 61
15. 30
16. 56
17. 18
18. 50
19. 14
20. 38
21. 18
22. 43
23. 97
24. 40
25. 22
26. 23
27. 10
28. 22
29. 8
30. 31
31. 10
32. 3050
33. 16
34. 43
35. 26
36. 14
37. 15
38. 109
39. 44
40. 36
41. 148
42. 12
43. 8
44. 72
45. 48
46. 242
47. 9
48. 104
49. 15
50. 20
51. 6
52. 10
53. 5
54. 7
55. 4
56. 8
57. 5
58. 12
59. 7
60. 17
61. 44
62. 12
63. 11
64. 138
65. 65
66. 54
67. 86
68. 268
69. 84
70. 44
71. 31
72. 42
73. 65
74. 19
75. 17
76. 23
77. 51
78. 108
79. 40
80. 36
81. 9
82. 43
83. 127
84. 84
85. 19
86. 17
87. 78
88. 16
89. 16
90. 183
91. 6
92. 9
93. 9
94. 3
95. 183
96. 13
97. 662
98. 122
99. 442
100. 842
101. 1199
102. 272
103. 284
104. 362
105. 1314
106. 181
107. 95
108. 356
109. 357
110. 702
111. 737
112. 299
113. 14
114. 1486
115. 720
116. 1029
117. 229
118. 125
119. 351
120. 49
121. 103
122. 138
123. 3
124. 374
125. 54
126. 4
127. 7
128. 42
129. 12
130. 9
131. 29
132. 72
133. 6
134. 8
135. 15
136. 13
137. 4
138. 12
139. 14
140. 5
141. 7
142. 13
143. 5
144. 8
145. 4
146. 3
147. 4
148. 1
149. 5
150. 3
151. 5
152. 4
153. 3
154. 6
155. 3
156. 3
157. 3
158. 7
159. 3
160. 119
161. 111
162. 5
163. 6
164. 3
165. 3
166. 2
167. 3
168. 3
169. 13
170. 3
171. 1
172. 2
173. 4
174. 3
175. 3
176. 57
177. 3
178. 4
179. 2
180. 3
181. 3
182. 5
183. 10
184. 3
185. 5
186. 4
187. 2
188. 5
189. 3
190. 5
191. 5
192. 15
193. 11
194. 12
195. 5
196. 5
197. 4
198. 3
199. 7
200. 4
201. 7
202. 6
203. 12
204. 2
205. 3
206. 4
207. 33
208. 29
209. 8
210. 2
211. 4
212. 5
213. 5
214. 5
215. 3
216. 6
217. 9
218. 148
219. 2
220. 6
221. 2
222. 4
223. 2
224. 11
225. 5
226. 4
227. 4
228. 4
229. 6
230. 1
231. 2
232. 3
233. 2
234. 5
235. 2
236. 4
237. 2
238. 6
239. 1
240. 66
241. 4
242. 3
243. 3
244. 2
245. 4
246. 5
247. 8
248. 2
249. 5
250. 6
251. 6
252. 3
253. 10
254. 11
255. 21
0. 89270
1. 4
2. 1763
3. 50
4. 4
5. 6
6. 35
7. 23
8. 11
9. 8
10. 19
11. 7
12. 14
13. 10
14. 16
15. 37
16. 38
17. 13
18. 14
19. 9
20. 7
21. 14
22. 9
23. 14
24. 13
25. 16
26. 9
27. 14
28. 4
29. 5
30. 4
31. 7
32. 32
33. 11
34. 19
35. 15
36. 2
37. 8
38. 11
39. 11
40. 20
41. 8
42. 5
43. 11
44. 9
45. 7
46. 9
47. 12
48. 395
49. 11
50. 9
51. 6
52. 5
53. 8
54. 7
55. 9
56. 8
57. 11
58. 7
59. 10
60. 5
61. 7
62. 3
63. 470
64. 136
65. 155
66. 217
67. 839
68. 11
69. 24
70. 11
71. 10
72. 19
73. 1762
74. 9
75. 19
76. 12
77. 5
78. 20
79. 14
80. 23
81. 10
82. 5
83. 14
84. 11
85. 9
86. 15
87. 4
88. 10
89. 6
90. 8
91. 4
92. 5
93. 8
94. 8
95. 6
96. 33
97. 1
98. 3
99. 5
100. 6
101. 5
102. 7
103. 11
104. 14
105. 5
106. 4
107. 4
108. 2
109. 8
110. 3
111. 15
112. 353
113. 11
114. 19
115. 9
116. 12
117. 9
118. 14
119. 24
120. 32
121. 46
122. 2
123. 11
124. 10
125. 2
126. 7
127. 48
128. 72
129. 14
130. 6
131. 16
132. 22
133. 20
134. 12
135. 15
136. 14
137. 9
138. 12
139. 13
140. 15
141. 19
142. 18
143. 101
144. 21
145. 3
146. 10
147. 5
148. 5
149. 8
150. 98
151. 50
152. 29
153. 42
154. 51
155. 92
156. 32
157. 34
158. 30
159. 22
160. 49
161. 36
162. 16
163. 17
164. 6
165. 10
166. 6
167. 20
168. 15
169. 100
170. 29
171. 10
172. 14
173. 6
174. 11
175. 7
176. 369
177. 50
178. 2
179. 10
180. 13
181. 11
182. 11
183. 23
184. 46
185. 12
186. 27
187. 29
188. 95
189. 13
190. 15
191. 28
192. 95
193. 150
194. 99
195. 37
196. 8
197. 5
198. 7
199. 6
200. 4
201. 4
202. 4
203. 6
204. 6
205. 7
206. 4
207. 2
208. 21
209. 9
210. 4
211. 3
212. 8
213. 5
214. 6
215. 5
216. 7
217. 6
218. 8
219. 3
220. 4
221. 7
222. 1
223. 1
224. 27
225. 2
226. 12
227. 12
228. 7
229. 3
230. 11
231. 2
232. 8
233. 4
234. 3
235. 3
236. 4
237. 13
238. 6
239. 15
240. 381
241. 10
242. 7
243. 6
244. 9
245. 8
246. 9
247. 2
248. 2
249. 11
250. 9
251. 9
252. 11
253. 10
254. 6
255. 48
0. 51549
1. 5226
2. 430
3. 412
4. 187
5. 143
6. 357
7. 137
8. 151
9. 93
10. 304
11. 403
12. 138
13. 78
14. 95
15. 88
16. 140
17. 59
18. 71
19. 38
20. 58
21. 67
22. 61
23. 65
24. 57
25. 174
26. 86
27. 36
28. 53
29. 43
30. 23
31. 34
32. 2412
33. 33
34. 61
35. 70
36. 35
37. 27
38. 20
39. 44
40. 58
41. 141
42. 36
43. 19
44. 144
45. 50
46. 172
47. 148
48. 781
49. 71
50. 86
51. 21
52. 27
53. 37
54. 28
55. 465
56. 25
57. 22
58. 31
59. 23
60. 91
61. 21
62. 22
63. 18
64. 129
65. 71
66. 28
67. 84
68. 138
69. 249
70. 90
71. 85
72. 69
73. 198
74. 66
75. 92
76. 58
77. 112
78. 160
79. 54
80. 134
81. 145
82. 64
83. 142
84. 104
85. 26
86. 134
87. 29
88. 146
89. 95
90. 109
91. 25
92. 23
93. 22
94. 17
95. 257
96. 75
97. 543
98. 146
99. 337
100. 678
101. 1102
102. 696
103. 316
104. 1528
105. 568
106. 822
107. 1058
108. 2608
109. 348
110. 721
111. 530
112. 863
113. 133
114. 1160
115. 528
116. 838
117. 208
118. 83
119. 178
120. 142
121. 62
122. 124
123. 19
124. 383
125. 73
126. 16
127. 69
128. 220
129. 86
130. 36
131. 42
132. 73
133. 34
134. 176
135. 28
136. 107
137. 99
138. 12
139. 25
140. 28
141. 22
142. 34
143. 12
144. 48
145. 196
146. 8
147. 7
148. 5
149. 20
150. 6
151. 22
152. 27
153. 5
154. 14
155. 6
156. 25
157. 13
158. 22
159. 20
160. 139
161. 105
162. 21
163. 9
164. 15
165. 7
166. 14
167. 8
168. 20
169. 11
170. 10
171. 15
172. 203
173. 6
174. 12
175. 6
176. 793
177. 69
178. 140
179. 123
180. 26
181. 30
182. 19
183. 20
184. 48
185. 29
186. 61
187. 62
188. 33
189. 23
190. 17
191. 15
192. 95
193. 11
194. 17
195. 15
196. 12
197. 8
198. 5
199. 5
200. 24
201. 10
202. 16
203. 13
204. 9
205. 11
206. 25
207. 30
208. 129
209. 125
210. 5
211. 21
212. 4
213. 1
214. 16
215. 3
216. 222
217. 9
218. 71
219. 5
220. 4
221. 1
222. 5
223. 8
224. 75
225. 7
226. 4451
227. 19
228. 13
229. 8
230. 20
231. 7
232. 20
233. 5
234. 11
235. 14
236. 16
237. 14
238. 7
239. 6
240. 630
241. 9
242. 12
243. 6
244. 12
245. 13
246. 16
247. 17
248. 24
249. 17
250. 19
251. 18
252. 14
253. 23
254. 21
255. 3729
